[[-1.62160189e+02 -1.02732391e+02 -8.68853474e+01 ... -2.80808572e+02
  -2.44133036e+02 -2.13368156e+02]
 [ 1.18976841e+02  1.00430833e+02  9.05268822e+01 ...  1.93482689e+02
   1.58098149e+02  1.35327835e+02]
 [ 6.98659438e+00  6.20264626e-01  8.05895659e+00 ...  3.49760070e+01
   3.17265877e+01  3.39925839e+01]
 ...
 [ 7.30349393e+00  4.70767184e+00  1.31100483e+00 ...  1.29087681e+01
   7.42336075e+00  4.86050556e+00]
 [ 1.31990321e+01  1.25031553e+01  7.71953221e+00 ...  5.50551931e+00
   2.68581620e+00  1.57780663e-01]
 [ 2.46424636e+00  2.64775960e+00  4.44330065e+00 ...  1.85067260e+00
   4.44003044e+00  7.84076542e+00]][[-1.62160189e+02 -1.02732391e+02 -8.68853474e+01 ... -2.80808572e+02
  -2.44133036e+02 -2.13368156e+02]
 [ 1.18976841e+02  1.00430833e+02  9.05268822e+01 ...  1.93482689e+02
   1.58098149e+02  1.35327835e+02]
 [ 6.98659438e+00  6.20264626e-01  8.05895659e+00 ...  3.49760070e+01
   3.17265877e+01  3.39925839e+01]
 ...
 [ 7.30349393e+00  4.70767184e+00  1.31100483e+00 ...  1.29087681e+01
   7.42336075e+00  4.86050556e+00]
 [ 1.31990321e+01  1.25031553e+01  7.71953221e+00 ...  5.50551931e+00
   2.68581620e+00  1.57780663e-01]
 [ 2.46424636e+00  2.64775960e+00  4.44330065e+00 ...  1.85067260e+00
   4.44003044e+00  7.84076542e+00]][[-1.62160189e+02 -1.02732391e+02 -8.68853474e+01 ... -2.80808572e+02
  -2.44133036e+02 -2.13368156e+02]
 [ 1.18976841e+02  1.00430833e+02  9.05268822e+01 ...  1.93482689e+02
   1.58098149e+02  1.35327835e+02]
 [ 6.98659438e+00  6.20264626e-01  8.05895659e+00 ...  3.49760070e+01
   3.17265877e+01  3.39925839e+01]
 ...
 [ 7.30349393e+00  4.70767184e+00  1.31100483e+00 ...  1.29087681e+01
   7.42336075e+00  4.86050556e+00]
 [ 1.31990321e+01  1.25031553e+01  7.71953221e+00 ...  5.50551931e+00
   2.68581620e+00  1.57780663e-01]
 [ 2.46424636e+00  2.64775960e+00  4.44330065e+00 ...  1.85067260e+00
   4.44003044e+00  7.84076542e+00]][[-522.94530523 -494.40971746 -402.84208817 ... -522.94530523
  -522.94530523 -522.94530523]
 [   0.           37.86774603  125.67502994 ...    0.
     0.            0.        ]
 [   0.           31.91965924   48.4149885  ...    0.
     0.            0.        ]
 ...
 [   0.           -7.99716341   -5.34608777 ...    0.
     0.            0.        ]
 [   0.           -7.50573875   -6.03047227 ...    0.
     0.            0.        ]
 [   0.           -5.0592233    -4.62460176 ...    0.
     0.            0.        ]][[-162.16018942 -102.7323908   -86.88534742 ... -522.91457977
  -522.91457977 -522.91457977]
 [ 118.9768413   100.43083304   90.5268822  ...    0.
     0.            0.        ]
 [   6.98659438    0.62026463    8.05895659 ...    0.
     0.            0.        ]
 ...
 [   7.30349393    4.70767184    1.31100483 ...    0.
     0.            0.        ]
 [  13.1990321    12.50315529    7.71953221 ...    0.
     0.            0.        ]
 [   2.46424636    2.6477596     4.44330065 ...    0.
     0.            0.        ]][[-5.46469218e+02 -5.44368282e+02 -5.65350584e+02 ... -5.81959192e+02
  -5.88516099e+02 -5.89594216e+02]
 [ 5.65298805e+01  6.01477171e+01  4.13666476e+01 ...  2.31031973e+01
   1.59237194e+01  1.47651084e+01]
 [ 2.18089915e+01  2.64534620e+01  2.51338360e+01 ...  1.68538313e+01
   1.45389812e+01  1.42127158e+01]
 ...
 [ 7.07650340e-01  3.60102558e+00  3.95461579e+00 ... -1.35706800e+00
   4.55720214e-01  1.46217307e+00]
 [-2.40545945e+00 -5.54417090e-02  2.61583690e+00 ...  6.32951920e-01
   6.58620272e-01  1.13531011e+00]
 [-3.48241788e+00 -1.56449700e+00  2.21770129e+00 ...  3.17332715e+00
   9.95637939e-01  7.77121286e-01]][[-5.46469218e+02 -5.44368282e+02 -5.65350584e+02 ... -5.81959192e+02
  -5.88516099e+02 -5.89594216e+02]
 [ 5.65298805e+01  6.01477171e+01  4.13666476e+01 ...  2.31031973e+01
   1.59237194e+01  1.47651084e+01]
 [ 2.18089915e+01  2.64534620e+01  2.51338360e+01 ...  1.68538313e+01
   1.45389812e+01  1.42127158e+01]
 ...
 [ 7.07650340e-01  3.60102558e+00  3.95461579e+00 ... -1.35706800e+00
   4.55720214e-01  1.46217307e+00]
 [-2.40545945e+00 -5.54417090e-02  2.61583690e+00 ...  6.32951920e-01
   6.58620272e-01  1.13531011e+00]
 [-3.48241788e+00 -1.56449700e+00  2.21770129e+00 ...  3.17332715e+00
   9.95637939e-01  7.77121286e-01]][[-5.46469218e+02 -5.44368282e+02 -5.65350584e+02 ... -5.81959192e+02
  -5.88516099e+02 -5.89594216e+02]
 [ 5.65298805e+01  6.01477171e+01  4.13666476e+01 ...  2.31031973e+01
   1.59237194e+01  1.47651084e+01]
 [ 2.18089915e+01  2.64534620e+01  2.51338360e+01 ...  1.68538313e+01
   1.45389812e+01  1.42127158e+01]
 ...
 [ 7.07650340e-01  3.60102558e+00  3.95461579e+00 ... -1.35706800e+00
   4.55720214e-01  1.46217307e+00]
 [-2.40545945e+00 -5.54417090e-02  2.61583690e+00 ...  6.32951920e-01
   6.58620272e-01  1.13531011e+00]
 [-3.48241788e+00 -1.56449700e+00  2.21770129e+00 ...  3.17332715e+00
   9.95637939e-01  7.77121286e-01]][[-5.46469218e+02 -5.44368282e+02 -5.65350584e+02 ... -5.81959192e+02
  -5.88516099e+02 -5.89594216e+02]
 [ 5.65298805e+01  6.01477171e+01  4.13666476e+01 ...  2.31031973e+01
   1.59237194e+01  1.47651084e+01]
 [ 2.18089915e+01  2.64534620e+01  2.51338360e+01 ...  1.68538313e+01
   1.45389812e+01  1.42127158e+01]
 ...
 [ 7.07650340e-01  3.60102558e+00  3.95461579e+00 ... -1.35706800e+00
   4.55720214e-01  1.46217307e+00]
 [-2.40545945e+00 -5.54417090e-02  2.61583690e+00 ...  6.32951920e-01
   6.58620272e-01  1.13531011e+00]
 [-3.48241788e+00 -1.56449700e+00  2.21770129e+00 ...  3.17332715e+00
   9.95637939e-01  7.77121286e-01]]